-0.489811986685 0.496883004904 -0.483860999346
-0.485296010971 0.496421992779 -0.484212994576
-0.481514006853 0.496134012938 -0.48508900404
-0.478542000055 0.496246010065 -0.486301004887
-0.475461006165 0.496093004942 -0.487686008215
-0.471846997738 0.496558994055 -0.488242000341
-0.467496991158 0.497166007757 -0.48861899972
-0.463036000729 0.497680991888 -0.489721000195
-0.458972990513 0.4984369874 -0.490575999022
-0.455772012472 0.499684005976 -0.491737008095
-0.453074991703 -0.499433010817 -0.492006987333
-0.450913995504 -0.499316990376 -0.492769002914
-0.448724985123 -0.499406009912 -0.493508011103
-0.44715899229 -0.499680995941 -0.494500011206
-0.445362001657 -0.499630987644 -0.495151996613
-0.442811012268 -0.499303996563 -0.495151013136
-0.439810991287 -0.499332994223 -0.49529799819
-0.43678098917 -0.499361991882 -0.49545699358
-0.433919012547 -0.499334007502 -0.495705991983
-0.43117800355 -0.499345004559 -0.496196985245
-0.428333997726 -0.499083012342 -0.496385991573
-0.425300985575 -0.49844199419 -0.496405988932
-0.421882003546 -0.497743010521 -0.496706992388
-0.418137013912 -0.497193992138 -0.496524989605
-0.414458990097 -0.496717989445 -0.49600699544
-0.411509007215 -0.495965003967 -0.495519012213
-0.40851598978 -0.49593898654 -0.495027005672
-0.405084013939 -0.497224003077 -0.494318008423
-0.402155995369 -0.498420000076 -0.493582010269
-0.399185985327 -0.499316990376 -0.493566006422
-0.396214991808 -0.499727994204 -0.494017004967
-0.393094986677 -0.499821007252 -0.494278013706
-0.389335989952 -0.499379009008 -0.494480013847
-0.385125994682 -0.499267995358 -0.494628995657
-0.380605995655 -0.499545991421 -0.495085000992
-0.376213997602 -0.499879002571 -0.495617002249
-0.372996985912 0.499734997749 -0.496517002583
-0.368934988976 0.499749004841 -0.496690988541
-0.363835990429 -0.499909996986 -0.496495991945
-0.358395010233 0.49980199337 -0.49607899785
-0.353298008442 -0.499940007925 -0.495460003614
-0.349240005016 -0.499356001616 -0.494697004557
-0.345212012529 -0.499731004238 -0.494096010923
-0.341008991003 0.499749988317 -0.493512988091
-0.336104005575 0.498928010464 -0.49247199297
-0.330855995417 0.498306006193 -0.491232007742
-0.32566100359 0.498154014349 -0.490224003792
-0.320849001408 0.498154014349 -0.489493995905
-0.316397994757 0.49818199873 -0.488979011774
-0.311291992664 0.49848100543 -0.488063007593
-0.30513599515 0.498423010111 -0.487619996071
-0.299059003592 0.498239010572 -0.486963003874
-0.295850992203 0.497961014509 -0.486425995827
-0.292504996061 0.49786400795 -0.486220985651
-0.287795990705 0.496935009956 -0.486378014088
-0.282094985247 0.496926009655 -0.486101001501
-0.277128994465 0.497150987387 -0.485756993294
-0.27281498909 0.496933996677 -0.485872000456
-0.268682003021 0.496282994747 -0.485875993967
-0.264090001583 0.495205998421 -0.485661000013
-0.259360998869 0.494260013103 -0.485139995813
-0.254325002432 0.493882000446 -0.484450012445
-0.249873995781 0.493633985519 -0.483518987894
-0.247032999992 0.493351012468 -0.482841998339
-0.245341002941 0.493672996759 -0.483363002539
-0.24382199347 0.493993997574 -0.484429001808
-0.241908997297 0.494188994169 -0.486268013716
-0.238933995366 0.494412004948 -0.48832899332
-0.235458001494 0.494504988194 -0.490116000175
-0.232181996107 0.494547009468 -0.491843998432
-0.229920998216 0.494735985994 -0.493039995432
-0.227574005723 0.494132012129 -0.494369000196
-0.224497005343 0.494019985199 -0.495831012726
-0.22155700624 0.493912994862 -0.497330009937
-0.21869699657 0.493620991707 -0.498576998711
-0.216133996844 0.492886006832 -0.499715000391
-0.213917002082 0.492487996817 0.499457985163
-0.210611999035 0.493068009615 0.498964011669
-0.20633199811 0.493521004915 0.498726010323
-0.201553002 0.493710011244 0.498468011618
-0.196502998471 0.494103014469 0.497997999191
-0.191804006696 0.494309991598 0.497254997492
-0.187128007412 0.494868010283 0.496726006269
-0.181891992688 0.495319008827 0.496641010046
-0.177827000618 0.495858997107 0.496297985315
-0.174674004316 0.495981991291 0.497079998255
-0.170231997967 0.496127009392 0.497871011496
-0.165168002248 0.49672499299 0.498156994581
-0.160413995385 0.49731901288 0.498100012541
-0.15607200563 0.497871011496 0.497696995735
-0.151008993387 0.497974991798 0.497476011515
-0.145405992866 0.49807998538 0.497328013182
-0.139855995774 0.4978980124 0.497038990259
-0.13446199894 0.497703999281 0.49652799964
-0.129489004612 0.497557014227 0.495889008045
-0.124992996454 0.497855991125 0.495445996523
-0.120801001787 0.498203992844 0.494825989008
-0.116871997714 0.498638004065 0.494269996881
-0.111851997674 0.498856991529 0.493851989508
-0.108134999871 0.499071985483 0.493712991476
-0.105536997318 0.498602002859 0.493815004826
-0.101106002927 0.498187988997 0.494518011808
-0.095325499773 0.49883300066 0.495234012604
-0.0904603973031 0.499826014042 0.495476007462
-0.0872633010149 -0.499402999878 0.49546700716
-0.0847676023841 -0.499332994223 0.49533200264
-0.0823960974813 -0.499716997147 0.495528012514
-0.0792313963175 0.499774992466 0.495810002089
-0.0745690017939 0.499226987362 0.49594900012
-0.0693256035447 0.498858988285 0.49604600668
-0.0648968964815 0.49847099185 0.496457010508
-0.0616111010313 0.498205989599 0.49686101079
-0.0575870014727 0.4976760149 0.497316986322
-0.0527734011412 0.496477007866 0.497725993395
-0.0485390014946 0.495166987181 0.497893989086
-0.0441722981632 0.4941650033 0.498032003641
-0.0388478003442 0.493557989597 0.497224003077
-0.0329654999077 0.493248999119 0.49629598856
-0.027415599674 0.493436992168 0.495876014233
-0.0224683992565 0.493694990873 0.495476990938
-0.0175576005131 0.493703007698 0.495166987181
-0.013350199908 0.493521004915 0.494769006968
-0.00966706033796 0.493463009596 0.494480997324
-0.00615618983284 0.493793010712 0.494302004576
-0.00229596998543 0.493963986635 0.494479000568
0.00173390004784 0.494212001562 0.494745999575
0.00617564981803 0.494785994291 0.494764000177
0.0109649999067 0.494504004717 0.494760006666
0.0149010997266 0.493946999311 0.494661003351
0.0188100002706 0.493625998497 0.493986994028
0.0235133003443 0.493110001087 0.493483990431
0.0284202992916 0.492653995752 0.49266898632
0.0331356003881 0.492240011692 0.492188990116
0.0378428995609 0.491665989161 0.492004990578
0.0424349009991 0.491169989109 0.491829007864
0.046044498682 0.4909529984 0.491391986609
0.0485660992563 0.490269005299 0.490828990936
0.0510329008102 0.489093989134 0.49034100771
0.0543016009033 0.487958014011 0.490060001612
0.0584671981633 0.486995011568 0.489899009466
0.0627997964621 0.48609700799 0.4898250103
0.0669049024582 0.485103011131 0.489951997995
0.0705304965377 0.484546989202 0.490745007992
0.0734741017222 0.483873993158 0.491490989923
0.074796102941 0.482950985432 0.491324990988
0.0764587968588 0.482964009047 0.490949988365
0.0786468982697 0.482639998198 0.489307999611
0.0799587965012 0.482284009457 0.488126993179
0.0828737020493 0.48187699914 0.488577991724
0.086984500289 0.481110990047 0.488191008568
0.0911443978548 0.480405986309 0.48770698905
0.0942922011018 0.480464011431 0.48806399107
0.0979678034782 0.480773985386 0.489252001047
0.10168799758 0.480931997299 0.490303009748
0.105613000691 0.480791002512 0.491654008627
0.109737001359 0.480529010296 0.492298990488
0.113323003054 0.480190008879 0.492639988661
0.116593003273 0.479200989008 0.492255985737
0.119116999209 0.478361994028 0.492049008608
0.121596999466 0.477394014597 0.491537004709
0.124124996364 0.476354986429 0.49128600955
0.127036005259 0.476024001837 0.490615010262
0.129905998707 0.475210994482 0.490763992071
0.133763998747 0.474956005812 0.491591989994
0.137728005648 0.474875986576 0.492395013571
0.14209599793 0.47462901473 0.49302598834
0.146630004048 0.47462400794 0.493501007557
0.150965005159 0.474175006151 0.493624985218
0.155420005322 0.473641991615 0.493602007627
0.160760000348 0.472826004028 0.493492007256
0.166587993503 0.472139000893 0.493429005146
0.171526998281 0.47193801403 0.492774993181
0.176266998053 0.471973001957 0.492060005665
0.181395992637 0.471754014492 0.489450007677
0.185724005103 0.471785008907 0.487381011248
0.189328998327 0.471552014351 0.487426996231
0.193801000714 0.471603989601 0.487697988749
0.198098003864 0.471437990665 0.486903995275
0.20210300386 0.470629006624 0.48632401228
0.206088006496 0.469810992479 0.487304985523
0.209612995386 0.469060003757 0.488137990236
0.213523000479 0.468865990639 0.489643007517
0.217935994267 0.469415992498 0.490251004696
0.222553998232 0.470301985741 0.49047601223
0.226789996028 0.471498996019 0.490429997444
0.230464994907 0.47283500433 0.490545988083
0.233731001616 0.474696010351 0.49015301466
0.23679600656 0.476653009653 0.489639014006
0.23972800374 0.478136003017 0.488914012909
0.241916999221 0.479478001595 0.488404005766
0.243505001068 0.480545014143 0.488581001759
0.245793998241 0.481038987637 0.488453000784
0.249643996358 0.48100399971 0.48874899745
0.254404008389 0.480661988258 0.489179998636
0.258895009756 0.480026006699 0.489125996828
0.263516008854 0.479597002268 0.489026993513
0.267672002316 0.479656994343 0.488451987505
0.27090498805 0.47986599803 0.487504988909
0.273804992437 0.479979008436 0.487049013376
0.276261001825 0.480684012175 0.48615399003
0.277566999197 0.481290996075 0.485518008471
0.278185993433 0.48090299964 0.48719099164
0.280690014362 0.480778008699 0.487525999546
0.284226000309 0.481505006552 0.488153010607
0.288536995649 0.481947988272 0.488784998655
0.293150007725 0.481458008289 0.488983988762
0.297832995653 0.480940014124 0.489253014326
0.302230000496 0.480892986059 0.489735990763
0.305491000414 0.480926990509 0.490830004215
0.308923989534 0.481168985367 0.492816001177
0.313493013382 0.481462985277 0.494138002396
0.318632006645 0.481781005859 0.495063990355
0.323875010014 0.481795012951 0.49610799551
0.329106003046 0.481752991676 0.497198998928
0.334513992071 0.482264995575 0.498015999794
0.339028000832 0.483042985201 0.498746991158
0.343519002199 0.483613014221 0.499036997557
0.347196996212 0.484055995941 0.499435007572
0.349866986275 0.48383000493 0.499797999859
0.352483004332 0.483783990145 -0.499787986279
0.355531007051 0.484277009964 -0.499110013247
0.358482003212 0.484591007233 -0.498540997505
0.361725986004 0.484813004732 -0.498488992453
0.365801006556 0.485630005598 -0.498560994864
0.369507998228 0.486766010523 -0.498652011156
0.374108999968 0.487805992365 -0.498849004507
0.379343986511 0.488694995642 -0.498813986778
0.385405987501 0.489641994238 -0.498223006725
0.390841990709 0.490718990564 -0.497756004333
0.395159989595 0.49186399579 -0.497305989265
0.399643003941 0.492763012648 -0.496466010809
0.404514998198 0.493250995874 -0.49543300271
0.409464985132 0.49338299036 -0.4950709939
0.414067000151 0.494105994701 -0.49516299367
0.418785005808 0.495085000992 -0.495373010635
0.423739999533 0.495332986116 -0.495355010033
0.428483009338 0.49526900053 -0.495144993067
0.432424008846 0.494852989912 -0.49461299181
0.435647010803 0.494819998741 -0.493865996599
0.439763993025 0.494848012924 -0.493595987558
0.444532006979 0.494765013456 -0.493313997984
0.44901201129 0.494639992714 -0.492915004492
0.453474998474 0.494767993689 -0.492466986179
0.458072006702 0.495211005211 -0.491896003485
0.462186008692 0.495718002319 -0.491585999727
0.466724991798 0.496605008841 -0.490747988224
0.471819013357 0.49792098999 -0.489711999893
0.476696997881 0.499208986759 -0.489013999701
0.480971008539 0.499772012234 -0.488523989916
0.484477996826 0.499338001013 -0.487940996885
0.487500995398 0.499274998903 -0.487138986588
0.490128993988 0.498944997787 -0.48639601469
0.493391007185 0.497491002083 -0.485597014427
0.497298002243 0.496695995331 -0.484917998314
-0.499503999949 0.49669700861 -0.484191000462
-0.494915992022 0.496886998415 -0.48386400938
-0.490332990885 -0.49944999814 -0.48397898674
-0.486027985811 0.499915003777 -0.484504014254
-0.481503009796 0.498953998089 -0.485233992338
-0.478442013264 0.49844700098 -0.486476004124
-0.475427985191 0.498474985361 -0.48790499568
-0.471264004707 0.499195992947 -0.488483995199
-0.466915011406 -0.499805003405 -0.488956987858
-0.462424993515 -0.49915099144 -0.489980995655
-0.458162009716 -0.498802006245 -0.490738004446
-0.454609006643 -0.498030006886 -0.492024987936
-0.452279001474 -0.497007012367 -0.49328199029
-0.450646996498 -0.496098011732 -0.493564009666
-0.449093014002 -0.496495008469 -0.494396001101
-0.447243005037 -0.49691298604 -0.494798004627
-0.444972991943 -0.496508985758 -0.495018005371
-0.442566990852 -0.495959997177 -0.49511000514
-0.43973299861 -0.495379000902 -0.495319008827
-0.436623990536 -0.494908988476 -0.49559700489
-0.433724999428 -0.494735985994 -0.495860010386
-0.430907011032 -0.494518011808 -0.496230006218
-0.42796599865 -0.494147986174 -0.496531993151
-0.424856990576 -0.493860989809 -0.496576994658
-0.421413987875 -0.493526995182 -0.49650400877
-0.417629987001 -0.49309399724 -0.496199995279
-0.413904994726 -0.492700994015 -0.49533700943
-0.411098003387 -0.492558002472 -0.494655013084
-0.409141004086 -0.492693990469 -0.49446401
-0.406580001116 -0.493743985891 -0.493775010109
-0.403113007545 -0.49500399828 -0.493764996529
-0.399630993605 -0.495447009802 -0.493775010109
-0.396290004253 -0.495822012424 -0.49403399229
-0.392621010542 -0.495561987162 -0.494240999222
-0.389133989811 -0.494971990585 -0.494464993477
-0.385313004255 -0.494762003422 -0.494563013315
-0.381069988012 -0.495115995407 -0.494953006506
-0.376991987228 -0.495817005634 -0.495523005724
-0.37314298749 -0.496515005827 -0.496243000031
-0.368618994951 -0.496488004923 -0.496524006128
-0.363703995943 -0.496401011944 -0.496417999268
-0.358296990395 -0.496342986822 -0.496336013079
-0.352851003408 -0.49634000659 -0.495941013098
-0.348993986845 -0.496288001537 -0.494821995497
-0.345429986715 -0.496187001467 -0.493728011847
-0.341515988111 -0.496273010969 -0.492944002151
